PID
1
2
3
4
5
6
9
10
11
12
13
14
15
16
17
18
19
20
22
23
24
25
26
28
29
30
31
32
34
35
36
37
38
40
41
42
43
44
46
47
48
49
50
52
53
54
55
56
58
59
60
61
62
63
64
65
66
67
68
115
116
117
118
119
120
121
122
123
125
126
128
129
132
133
134
135
138
139
141
142
144
145
146
148
156
159
167
206
219
221
222
223
224
229
231
232
233
234
254
256
257
262
268
294
300
320
326
331
341
342
370
371
382
383
396
398
399
402
411
415
416
439
446
450
455
457
521
557
564
566
567
574
577
578
579
580
581
582
583
584
585
586
587
588
589
590
594
597
598
599
600
601
606
641
643
644
716
718
752
753
755
758
760
762
764
770
771
777
783
793
794
796
798
799
805
843
877
881
890
902
909
976
978
982
983
984
986
988
989
990
991
992
1007
1028
1029
1072
1074
1080
1086
1089
1091
1092
1108
1126
1139
1152
1159
1167
1178
1183
1206
1213
1235
1274
1371
1406
1411
1430
1437
1451
1488
1492
1493
1495
1498
1510
1514
1516
1525
1534
1545
1546
1572
1584
1616
1617
1618
1621
1622
1624
1627
1629
1631
1632
1633
1636
1638
1642
1645
1652
1658
1687
1699
1702
1756
1757
1773
1789
1977
1980
1988
1990
2069
2727
2731
2745
2840
2910
4264
4267
4767
4773
4774
4776
4778
4784
4785
4786
4789
4812
4814
4871
4872
4965
4980
4998
5064
5104
5237
5259
5351
5353
5400
5423
5437
5453
5544
5584
5585
5613
5621
5634
5640
5653
5674
5732
5733
5736
5743
5764
6926
10139
10140
10142
10153
20429
25453
37421
37422
37423
44858
44859
44862
44863
44864
44865
44866
44867
44868
44869
44870
44871
45345
45431
45493
45541
45637
45679
46086
46087
46170
46189
46286
46304
46338
46412
46514
46547
46558
46584
46598
46599
46601
46616
46681
46694
46695
